Berkeley 58       116.7534      -01.2888              11.0    2700     0.720    8.470     +00.86  0.26    +01.42   0.26 00088 K14    -087.00    01.78     01     D14                                  
NGC 7801          114.7295      -11.3145      r        8.0    1275     0.17     9.23      -04.01  0.36    -01.83   0.24 00085 D14                                                             4-3-p-* 
FSR 0459          116.4684      -02.9939      IR       2.0    3800     1.103    8.950     -01.63  0.59    +00.31   0.59 00008 K12                                                                     
Stock 18          117.6245      +02.2680               6.0    1242     0.71     8.10      -02.76  0.15    +00.39   0.08 00109 D14                                                             4-2-p-* 
Berkeley 59       118.2210      +04.9962              10.0    1000     1.241    6.100     -02.21  0.81    -00.78   0.75 00002 BDW    -005.17    09.48     03     D14                          3-3-m-n 
Berkeley 104      117.6301      +01.2063               3.0    4365     0.45     8.89      -02.36  0.31    +00.14   0.03 00076 D14                                       +0.07                 4-2-p-* 
Blanco 1           15.5719      -79.2611              70.0     269     0.010    7.796     -01.15  0.51    -20.36   0.51 00027 TYC    +005.53    00.11     49     M09    +0.04    0.02    08           
Stock 19          116.4028      -06.1944               4.0                                +01.04  0.58    -02.26   0.19 00042 D14                                                             2-2-p-* 
NGC 7826           61.8749      -77.6528      r       20.0     620     0.03     9.34      -01.57  1.97    -08.83   1.18 00039 D14    -004.62    02.39     01     D14                          4-2-p-* 
Majaess 1         118.2900      +02.4991      IR       5.0                                +04.85  0.64    +00.90   0.48 00020 D14                                                                     
Czernik 1         117.7262      -00.9531               2.5    2530     1.23     6.70      -03.49  0.86    +02.28   0.86 00005 K12                                                             4-2-m-* 
SAI 1             116.1649      -10.5835               4.0    2170     0.34     9.10      +00.16  0.92    -00.92   0.53 00035 D14                                                                     
Berkeley 1        117.7961      -01.9787               5.0    2420     0.78     8.60      -01.93  0.37    -00.44   0.27 00135 D14                                                             3-1-p-* 
ASCC 1            118.1525      +00.1973              24.0    4000     0.16     8.25      -03.03  0.08    +01.70   0.04 01189 D14    -074.10    00.39     03     D14                                  
