 15.0952      -00.7453   1300   6.00      -00.81  0.06    -02.15   0.08  -025.30    19.10  
 94.3833      -05.4948    852   6.00      -01.98  0.28    +02.17   0.27  -015.04    02.58  
287.4081      -00.5773   2900   6.00      -07.67  0.64    -01.01   0.52  -006.74    08.93  
287.6238      -00.6517   2900   6.00      -06.80  0.09    -01.96   0.08  -022.78    02.84  
 28.1203      +00.4382   1381   6.000     -01.86  0.01    -00.21   0.04  +014.00    07.40  
359.9942      +00.1556   1182   6.000     +00.68  1.02    -01.10   1.02  -015.50    00.00
118.2210      +04.9962   1000   6.100     -02.21  0.81    -00.78   0.75  -005.17    09.48  
 16.9540      +00.7935   1800   6.11      -01.69  0.14    +00.77   0.03  +010.00    05.00  
173.5850      -01.6804   3500   6.18      +03.06  0.06    -02.55   0.10  -004.56    03.19  
206.3059      -02.0719   1660   6.28      -00.89  0.47    -00.26   0.39  +030.67    02.30  
173.3731      -00.1885   2005   6.30      +01.90  0.07    -02.58   0.21  -018.01    01.50  
287.4929      -00.5436   2300   6.30      -05.74  0.17    -02.17   0.46  -003.00    04.60  
219.1317      -00.6801   1952   6.350     +01.57  0.63    -01.25   0.63  +005.00    00.00  
117.6423      -03.6912    600   6.48      +08.13  0.53    -04.45   0.53  -011.50    04.20  
134.7256      +00.9190   2344   6.48      -01.36  1.35    -02.24   1.35  -045.00    10.70  
305.3390      +00.0796   3600   6.48      -29.17  4.00    -13.76   6.00  -042.00    05.00  
 59.4018      -00.1439   3176   6.5       -03.34  0.94    -00.30   0.92  +013.59    05.99  
123.1226      -06.2428   2940   6.54      -02.42  0.01    -01.91   0.01  -025.16    03.60  
 66.9839      -01.2702   2000   6.6       -05.61  0.06    -00.20   0.05  -015.70    05.20  
302.0474      -00.2417   3200   6.6       -07.94  1.45    +02.13   1.49  +055.00    07.40  
 80.2226      +00.7867   1800   6.60      -03.14  0.23    -01.74   0.27  -028.00    18.00  
146.2699      +03.1394   3981   6.60      -02.22  1.00    -00.01   1.00  -032.40    00.00  
300.2173      -15.6085    114   6.602     -38.44  1.00    -09.12   0.90  +013.00    05.00  
243.0809      +00.5236   6400   6.65      -02.37  0.17    -00.93   0.14  +068.00    06.00  
309.3323      -00.2428   3000   6.65      -05.64  0.12    -05.58   0.11  -038.17    00.42  
212.3015      -00.3898   2661   6.665     +01.47  0.04    -00.82   0.07  +066.30    04.40  
104.8494      +05.3942   1200   6.67      -04.03  0.40    -03.21   0.40  -011.40    00.80  
209.5230      -19.5931    550   6.67      +00.74  0.01    +00.44   0.06  +028.54    00.84  
192.4313      +03.4008   2803   6.686     +01.74  0.04    -00.21   0.05  +011.38    04.02  
 76.9051      +00.5937   1540   6.70      -05.58  0.15    -00.02   0.16  -016.90    00.60  
102.7828      -00.7007   3600   6.70      -03.94  0.68    -00.19   0.68  -055.00    05.00  
137.1910      +00.9205   2200   6.70      -04.78  1.32    -01.94   1.38  -033.76    05.08  
195.0478      -12.0035    400   6.70      +02.29  0.45    -00.85   0.45  +031.38    01.42  
208.0071      -18.9392    380   6.70      +00.28  0.23    +03.48   0.14  +020.06    02.12  
235.5965      -03.8374   1400   6.70      -01.09  0.07    -02.32   0.38  +033.10    05.37  
238.1789      -05.5482   1480   6.70      -03.75  0.63    -00.62   0.93  +036.43    06.62  
305.3934      +00.0880   3600   6.70      -23.81  1.40    -09.12   1.60  -044.00    08.00  
 75.8267      +01.3204   1457   6.700     -03.18  0.10    +00.67   0.23  -008.90    00.74  
285.6766      +00.0819   2670   6.74      -07.13  0.68    +00.67   0.75  -010.33    02.40  
286.2283      -00.1884   2317   6.754     -08.03  0.53    -00.93   0.44  -008.50    03.70  
134.0234      -01.3230   2200   6.76      +00.67  0.04    -00.22   0.02  -017.40    00.49  
290.5547      -00.7845   2000   6.76      +01.08  0.08    -04.15   0.08  -032.06    04.94  
288.0250      -00.8560   2412   6.764     -05.21  0.05    -03.00   0.03  -014.60    03.12  
115.1232      +00.3188   2144   6.775     -02.18  2.13    -02.05   1.02  -044.80    02.10  
336.7106      -01.5736   1155   6.775     -03.50  0.19    -01.24   0.20  -033.27    01.49  
338.5606      -01.1432   1216   6.780     -01.25  0.33    +00.42   0.46  -066.74    05.82  
290.7985      +00.0767   1776   6.784     -03.83  0.30    -02.65   0.34  +001.00    04.00  
137.8776      -01.7514   2900   6.79      -00.70  0.09    -00.69   0.14  -040.73    02.04  
211.9423      -01.2732   6800   6.8       +01.45  0.05    -01.08   0.07  +071.00    30.00  
266.6365      -03.5919    800   6.80      -08.75  0.15    -01.62   0.18  +008.99    02.37  
 18.2466      +01.6949   1696   6.810     -03.71  0.17    +00.43   0.08  -005.43    06.68  
294.8489      -01.6541   1794   6.818     -04.29  0.04    -03.73   0.03  -002.41    04.96  
344.7265      +01.5972   2910   6.820     -02.73  0.05    -00.57   0.02  -005.00    06.40  
351.2014      +01.3598   1077   6.823     -01.12  0.74    -01.12   0.38  -001.93    07.68  
287.6677      -01.0471   2201   6.830     -06.74  0.60    -01.26   0.46  -010.71    03.12  
  7.1382      -02.1371   1200   6.84      -02.50  0.45    -02.04   0.45  +000.97    02.61  
343.4643      +01.1842   1243   6.843     -01.95  0.02    -00.45   0.04  -027.54    02.65  
 78.0985      +02.7807    740   6.85      -06.31  0.07    -01.77   0.01  -008.22    02.79  
333.2759      -01.8794    956   6.853     -03.94  0.21    -00.85   0.23  -011.21    01.34  
287.0163      -00.3147   2027   6.857     -04.48  0.05    -03.89   0.06  -002.30    01.78  
320.0418      -02.8647    800   6.86      -04.43  0.45    -02.06   0.42  -001.01    03.55  
320.5164      -01.2002   3272   6.864     -07.44  0.35    -02.07   0.49  -049.00    06.80  
  6.0828      -01.3313   1330   6.867     -01.53  0.82    -01.54   0.50  -004.21    06.35  
 75.3733      +01.3160   2398   6.87      -03.89  0.69    -02.00   0.69  -013.00    03.00  
110.8981      +13.0837   2003   6.880     -03.76  0.07    -01.35   0.05  -010.94    02.01  
 11.9832      -00.9312   1471   6.882     -02.70  0.66    +00.52   0.43  -003.20    09.20  
 60.1935      -00.2826   2000   6.89      -04.11  0.05    -01.09   0.01  +001.00    03.70  
290.7047      +00.2022   1995   6.891     -03.68  0.34    -02.54   0.35  -004.00    10.00  
292.4817      -21.6534     97   6.9       -39.67  0.30    -09.95   0.30  +016.10    00.50  
102.7011      +00.7822   3330   6.90      -04.52  1.27    +00.54   1.19  -053.71    00.49  
306.1486      +00.0631   1810   6.90      -09.27  0.44    -02.31   0.43  -041.80    08.79  
344.7009      +01.4958   1138   6.919     -04.36  0.03    -00.17   0.04  -003.45    05.42  
 13.4336      +01.1586   3400   6.92      -01.86  0.11    -00.99   0.11  -019.88    03.81  
299.0116      -01.8359   2700   6.92      -05.11  0.07    +00.48   0.06  -010.44    01.68  
287.4100      -00.3688   1853   6.926     -08.34  1.03    -00.69   0.78  -015.06    04.05  
337.9959      -01.0689   2054   6.928     -02.39  0.16    -00.87   0.19  -020.77    10.77  
200.9817      -18.3440    460   6.93      +00.53  0.22    +00.56   0.29  +000.00    08.75  
245.7456      +00.4823   4730   6.941     -01.29  0.14    -01.75   0.11  +093.70    30.49  
190.0426      +00.4824   1627   6.953     +02.85  1.07    +00.47   0.68  +023.20    01.80  
202.9358      +02.1958    667   6.954     +02.33  0.03    -01.73   0.05  +024.69    00.98  
 72.6447      +02.0542   1574   6.958     -06.09  0.04    -00.04   0.05  -108.01    02.41  
216.6401      -08.2268    400   6.96      +01.11  0.47    -06.78   0.41  +015.66    02.79  
355.6897      +00.0412    985   6.962     -00.92  0.16    -01.04   0.15  +002.67    02.17  
231.4116      +01.9456   3455   6.976     -00.68  0.11    -01.76   0.14  +067.14    03.96  
 95.9111      -15.9022    700   6.98      -03.21  0.46    -03.90   0.46  -006.51    02.57  
115.7847      +01.2414   2800   6.980     -00.37  0.40    -07.29   0.40  -060.30    00.01  
205.0299      -17.3509    387   6.980     +00.69  0.22    -00.20   0.22  +027.35    00.85  
101.3633      -02.2029   2346   6.982     -02.69  0.18    +00.77   0.25  -063.50    00.90  
122.0949      +01.3264   1920   7.0       -01.98  0.08    -01.15   0.00  -058.20    01.90  
128.5458      +01.7326   2500   7.0       -01.33  0.13    +00.12   0.14  -045.58    01.36  
129.0821      -00.3574   2410   7.0       -01.17  0.51    -00.97   0.64  -034.20    00.18  
136.2875      -02.6449   2200   7.0       -01.18  0.05    -00.63   0.01  -034.34    01.20  
 72.1764      +02.6070   1700   7.00      -05.57  0.23    -00.41   0.34  -013.00    03.70  
130.8865      +01.0566   2700   7.00      -01.15  0.27    -00.16   0.10  -022.00    10.00  
143.6724      +07.6577   1000   7.00      +00.20  0.10    -01.04   0.02  -009.70    00.27  
186.6013      +00.1443   2200   7.00      +03.39  0.52    -00.77   0.90  +012.60    02.12  
207.1539      -00.8885   1738   7.00      +01.31  0.08    -00.27   0.10  +012.31    03.01  
232.7531      +00.7738   2291   7.00      -01.26  0.38    -02.04   0.28  +016.00    03.70  
246.4425      -04.4666   1300   7.00      -03.82  0.46    -00.38   0.56  +066.00    00.13  
250.6912      +00.8042   4600   7.00      -02.00  0.27    -01.51   0.47  +094.20    10.00  
265.1887      -01.9577   5754   7.00      -02.64  0.15    +02.05   0.15  +049.00    02.63  
290.0251      +00.3847   1159   7.00      -02.56  0.07    -03.04   0.07  +002.20    01.03  
328.5465      -00.9811   2100   7.00      -05.75  0.14    -00.87   0.14  -042.00    03.70  
110.1782      +02.7653   1500   7.01      -01.22  0.08    -01.05   0.06  -020.52    02.44  
 72.7508      +01.3457   1106   7.011     -04.82  0.08    -00.83   0.10  -019.66    02.86  
285.8562      +00.0736   2327   7.014     -08.08  0.40    -01.02   0.32  -012.00    04.00  
104.4507      +04.1479    900   7.02      -02.41  0.08    -01.74   0.04  -042.00    10.00  
307.5947      +01.2016   2095   7.020     -04.74  0.41    -01.32   0.41  -032.20    08.20  
289.4693      +00.1394   3504   7.023     -03.79  0.24    -01.06   0.26  +065.10    10.00  
 99.4941      -00.3178   5000   7.03      -05.19  0.09    -01.14   0.08  -030.60    03.70  
123.8552      -07.0199   1500   7.03      -00.16  0.22    -01.83   0.11  -043.00    03.70  
328.8934      -14.7542    500   7.03      -06.34  0.45    -05.54   0.44  -006.95    09.14  
207.9636      -03.3859    962   7.031     +01.66  1.04    -00.37   0.85  +012.00    07.40  
281.7116      +01.3281    600   7.04      -12.45  0.51    -04.58   0.42  +008.00    00.00  
307.4772      +01.3372   1585   7.047     -04.12  1.10    -02.61   1.20  -030.83    05.68  
 74.6214      +02.0780   1600   7.05      +00.07  0.04    +00.14   0.06  -011.06    00.94  
 99.3117      +03.7342    835   7.054     -02.31  0.52    -00.23   0.52  -019.06    02.42  
345.2791      -03.0564    996   7.058     +00.14  1.31    -01.03   0.64  -057.00    35.90  
355.0635      -00.7422   1211   7.063     -00.98  2.47    +00.46   1.51  -015.80    01.30  
195.6076      -02.9345   1052   7.067     +00.09  1.64    -04.87   0.94  +022.50    01.45  
134.6322      -03.7408   2079   7.069     +00.32  0.37    -01.87   0.34  -042.84    02.11  
330.6617      -10.3339    700   7.07      -08.23  0.54    -02.03   0.47  -006.00    03.70  
  7.6772      -00.3547   1205   7.070     -01.52  1.11    -03.49   0.67  -013.49    03.97  
314.8408      +00.9938   1805   7.075     -06.49  1.06    -02.44   0.80  -037.75    00.82  
107.1408      -00.8838   2222   7.077     -02.61  0.84    -01.45   0.81  -042.09    04.17  
242.0973      +00.4673   3165   7.078     -03.49  0.23    -01.88   0.29  +065.80    03.70  
104.7362      -00.6001   2500   7.08      -01.56  0.06    -01.36   0.05  -060.80    01.78  
208.4721      -19.1272    500   7.08      +00.21  0.26    +03.49   0.36  +008.97    02.24  
235.7016      -09.9906   1100   7.08      -05.35  0.34    -01.72   0.35  +031.35    03.95  
241.5663      -00.5728   5346   7.08      -03.69  0.12    +00.52   0.30  +083.00    04.80  
242.9893      -08.8024    472   7.080     -03.49  0.34    -00.49   0.34  +026.58    05.86  
244.7908      +00.2393   1659   7.089     -01.52  0.24    -01.43   0.22  +121.51    20.03  
291.1159      -00.5714   3500   7.09      -02.37  0.07    -03.41   0.05  -014.39    05.21  
277.0986      -00.8180   1979   7.093     -02.32  0.33    -02.91   0.29  +021.40    01.20  
135.0659      -03.5877   2940   7.1       -01.94  0.03    -01.37   0.02  -042.64    00.27  
215.3988      +31.6939   1783   7.10      -00.96  1.22    -08.68   0.91  +034.88    04.27  
285.4175      -00.4372   6000   7.10      -04.13  0.04    -00.67   0.13  -040.00    00.00  
243.1723      +00.3777   1355   7.103     -04.18  0.13    -01.74   0.14  +058.24    07.05  
224.2681      -01.1728   1056   7.104     +00.28  2.79    -02.50   2.08  +014.89    00.15  
199.8610      -16.4793    500   7.11      +00.71  0.25    +00.14   0.28  +018.57    02.12  
206.8107      -17.3461    399   7.11      +00.39  0.40    +01.75   0.27  +029.89    01.63  
209.0101      -19.3859    414   7.11      -00.45  0.08    +02.54   0.11  +031.98    03.32  
305.4739      -00.6305   1500   7.11      -03.23  0.05    -02.59   0.04  -007.35    04.03  
 76.6667      +01.2726   1112   7.116     -07.17  0.01    +00.57   0.01  -025.54    02.60  
176.5624      -03.0711   2000   7.12      +04.53  0.04    -00.00   0.07  -016.00    06.10  
202.0845      -18.4808    500   7.12      +00.45  0.28    +00.77   0.25  +024.40    10.50  
253.6325      -00.3109   3000   7.12      -00.48  0.10    -03.10   0.10  +043.00    06.00  
344.6041      +01.6167   2160   7.12      -02.98  0.18    -00.20   0.08  -007.00    06.10  
 78.6825      +02.0136   1139   7.127     -06.34  0.14    -01.46   0.07  -031.57    02.05  
261.4858      +00.9913    838   7.128     -05.32  0.29    -01.19   0.29  +030.82    08.57  
 11.6607      -01.7443   1760   7.14      +00.33  0.01    -01.74   0.52  -007.50    01.78  
261.3750      -08.1627    421   7.142                                    +020.39    01.41  
284.5880      +00.0350   2446   7.142     -05.70  0.30    -01.42   0.28  -000.52    01.06  
309.1610      -00.7137   1108   7.146     -04.62  0.30    -05.47   0.31  -018.52    00.75  
109.1335      +01.1199   2300   7.15      -00.83  0.01    +00.26   0.04  -074.00    09.00  
235.3899      -02.3928   3070   7.15      -01.82  0.20    -00.48   0.45  +053.25    02.92  
 75.7149      +00.3044    633   7.152     -03.65  0.26    -00.20   0.29  -065.00    84.80  
290.8752      +00.2054   1577   7.160     -03.34  0.05    -03.30   0.05  -008.02    01.28  
 24.2941      -00.2868   1164   7.162     -02.19  1.54    -00.71   1.17  +018.58    00.40  
349.8889      +03.0752   1900   7.17      -03.43  0.05    +03.69   0.05  +002.84    03.38  
168.2857      +01.4445   3370   7.173     +02.31  0.05    -02.45   0.04  -029.97    10.00  
243.2752      -00.9397   2150   7.187     -03.65  0.66    -01.14   0.44  +033.94    00.52  
240.7594      -00.2636   1040   7.19      -03.25  0.11    +00.24   0.09  +015.00    03.70  
294.0406      -01.9654   3400   7.19      -03.16  0.10    -03.86   0.09  +002.00    00.00  
290.9864      -00.1346   1358   7.194     -03.44  0.32    -02.34   0.23  -020.00    07.40  
269.2092      -01.8435   1853   7.20      -06.28  0.47    -00.58   0.18  +028.18    01.52  
138.0295      +01.5018   1000   7.200     -01.42  0.07    +00.57   0.01  -040.00    06.70  
134.6646      +00.0923    698   7.214     -03.19  0.85    -00.99   0.84  -007.18    05.23  
303.2057      +02.5089   1976   7.216     -04.43  0.33    -01.50   0.30  -020.00    03.00  
  8.3294      -01.0495   2500   7.22      -01.29  0.07    +00.67   0.08  -016.20    04.34  
290.5095      +01.5958   1577   7.222     -04.10  0.34    -04.55   0.35  +001.00    07.40  
 14.1827      -01.0111   1296   7.223     -01.65  0.93    +00.26   0.58  -014.02    03.79  
291.2038      -00.1783   1651   7.231     -02.59  0.37    -02.41   0.24  -007.33    06.44  
264.4882      +01.4634    680   7.24      -06.01  0.26    +00.55   0.44  -018.00    07.40  
289.1279      -00.6732   3500   7.24      -01.85  0.06    -02.45   0.07  -142.00    00.00  
338.4047      +01.2107   1014   7.248     -01.09  1.54    -01.85   1.35  +003.55    10.00  
 72.7318      +01.7445   1600   7.25      -05.44  0.16    -00.15   0.16  -009.00    03.70  
 97.3420      +00.4296   2307   7.254     -07.07  0.24    -00.35   0.05  -048.00    05.00  
106.5858      -08.4542    800   7.26      -01.08  0.09    -01.25   0.06  -012.70    01.78  
236.6762      -08.7292    800   7.26      -05.06  0.30    -01.72   0.23  +016.15    07.57  
246.7128      -00.7731   3957   7.264     -07.17  2.85    -01.26   3.03  +038.20    00.12  
104.0117      +06.4573    789   7.278     -03.25  0.01    +00.91   0.08  -023.31    01.31  
264.7868      -02.9082   1668   7.283     -03.87  0.52    -00.87   0.61  +022.16    02.53  
307.0736      +02.8735   2800   7.29      -08.31  0.14    -00.18   0.12  -039.00    07.40  
356.0099      -00.3043   1343   7.290     -01.82  0.33    -00.50   0.28  +007.00        0  
 95.4654      -17.8142    810   7.30      -03.98  0.44    -00.30   0.34  -019.50    01.78  
117.0503      +02.3099   2530   7.30      -07.41  0.97    -05.61   0.97  -079.80    00.00  
128.2242      -01.1326   2469   7.30      -03.09  0.01    -01.56   0.01  -065.00    30.00  
197.2713      -15.5560     92   7.30      +32.06  1.20    -09.28   2.90  +018.00    00.50  
295.2173      -00.6623   2399   7.30      -05.94  0.36    -00.74   0.34  -012.91    00.72  
294.1169      -00.0304   2218   7.32      -07.29  0.34    -00.78   0.35  -016.66    00.37  
126.6348      -04.3824   2429   7.324     -02.02  0.02    -00.68   0.00  -029.79    00.33  
 60.9414      -00.1077   1392   7.335     -03.51  0.01    -00.91   0.13  -001.00    10.90  
128.0524      -01.8039   2194   7.336     -01.68  2.40    +00.31   2.14  -044.20    00.12  
357.9402      -01.6054    778   7.347     -00.75  2.64    -04.11   1.54  -003.46    00.20  
201.6686      -17.5263    450   7.35      -00.49  0.21    +00.17   0.19  +014.31    01.49  
 79.5901      +01.8923   1813   7.350     -06.55  0.60    -00.95   0.54  -014.00    00.00  
352.8804      -02.4976   1466   7.351     -01.81  0.20    -02.02   0.33  -028.90    01.89  
131.5453      -02.7685   2000   7.36      +00.48  0.07    -00.89   0.05  -049.00    10.00  
  7.0858      -00.2872    816   7.368     -00.99  0.08    +00.32   0.11  -000.83    03.25  
303.1248      +02.1045   1700   7.38      -02.42  0.11    -01.27   0.08  -023.00    07.40  
341.5372      -01.1856    981   7.386     -02.46  0.18    -03.72   0.19  -037.63    02.77  
297.5736      +01.1551   1632   7.393     -07.17  1.18    -01.39   1.09  -012.00    07.40  
129.4667      -00.9405   2420   7.4       -00.98  0.85    -02.56   0.89  -033.09    00.34  
174.5345      +01.0721   1330   7.4       +04.63  0.05    -03.26   0.07  -017.83    00.99  
106.7237      +05.3047    800   7.400     -03.04  0.30    -01.70   0.02  -023.48    01.53  
295.0526      -00.6724   1380   7.400     -02.17  0.20    -07.30   0.26  -008.20    01.80  
248.7650      -11.1322    316   7.407     -09.45  0.26    -07.29   0.26  +015.85    00.99  
340.6832      -01.9196    865   7.415     -02.80  0.26    -00.26   0.35  -008.04    00.81  
339.8986      -00.2109   1200   7.42      -03.32  0.41    -02.28   0.34  +007.09    10.00  
265.0825      -02.5792   1312   7.427     -04.45  1.00    -00.69   0.88  +063.40    10.00  
238.2134      -03.3315   1474   7.430     -03.75  0.31    -01.36   0.46  +032.87    10.00  
330.3692      +00.3232   1600   7.430     -11.43  4.34    +07.61   2.84  -059.40    00.60  
308.9766      -04.2447    600   7.45      -04.77  0.50    -02.31   0.44  -019.90    04.56  
 63.4533      +00.8295   1675   7.460     -05.05  0.55    +01.05   0.32  +000.50    01.70  
223.4370      +00.0037    500   7.47      -04.34  1.30    -02.23   1.30  +038.80    01.78  
249.6092      +02.3391   1000   7.47      +01.05  0.36    -00.21   0.39  +062.38    12.08  
 19.6941      -01.2011   1800   7.48      -01.11  0.12    +00.64   0.11  +030.70    01.78  
262.5038      +01.4779    850   7.48      -07.04  0.37    -02.46   0.41  +017.13    08.67  
249.1060      +03.5322   1342   7.488     -07.46  1.21    +00.43   1.55  +026.56    00.15  
 46.8534      +01.6242    860   7.493     -03.90  0.99    -01.99   1.78  -002.80    00.58  
173.1072      +00.0466   1900   7.5       +02.75  0.02    -03.31   0.40  +013.00    00.00  
  9.1101      -00.7182   3470   7.50      -02.59  0.10    +00.56   0.13  -016.00    03.70  
 16.4883      -08.0308    320   7.50      -02.06  0.44    -07.82   0.49  -008.80    05.16  
125.8878      -02.6086   2323   7.50      -02.17  0.33    -01.80   0.33  -036.91    00.18  
188.1998      +03.6843    800   7.50      +02.19  0.04    -00.16   0.05  +024.40    01.78  
288.4364      -00.6657   3000   7.50      -03.18  0.04    -03.11   0.03  +000.63    01.99  
 16.7844      -02.9176   1173   7.500     -03.14  0.64    -00.86   0.64  +002.00    00.00  
339.3778      +02.5151   1007   7.500     -00.07  0.13    -01.60   0.14  +006.30    02.50  
300.6434      -02.0138   1050   7.505     -04.91  0.58    +00.46   0.50  -012.20    00.21  
 29.7495      +12.5172    249   7.506     -07.86  0.01    -04.61   0.50  -005.37    02.46  
353.9299      -01.7737   1192   7.506     -01.58  0.46    +00.79   0.52  -013.55    00.31  
289.6014      -04.9061    161   7.507     -20.19  0.22    +00.66   0.22  +018.12    00.30  
140.0524      +02.1465    380   7.51      +01.04  0.16    -00.92   0.10  -008.53    05.15  
262.8633      -02.4388    593   7.533     -02.63  0.12    -01.38   0.15  +030.00    05.00  
262.7907      +00.6740    424   7.542     -12.74  0.34    -05.16   0.34  +032.17    00.76  
232.4543      +00.7697    872   7.545     -02.54  0.84    -01.64   0.75  +016.00    02.50  
244.9298      -07.5912    405   7.548     -05.79  0.63    -05.24   0.63  +019.34    02.18  
 21.6349      -00.7852   1369   7.566     -02.96  1.77    -02.61   1.13  -008.59    00.20  
 60.1353      -01.7997   1639   7.572     -01.91  1.17    -02.18   1.03  -030.90    00.90  
264.4649      -08.5975    361   7.585     -07.34  0.45    -04.47   0.45  +015.65    01.26  
116.5593      -00.5679   2000   7.588     -01.80  0.18    -01.32   0.15  +016.40    03.00  
224.6104      -02.5089   1500   7.59      -04.40  0.38    -00.08   0.54  +017.50    00.29  
307.1342      +00.2625   2226   7.590     -07.88  0.37    -02.07   0.33  +000.30    27.55  
112.8414      +00.1341   2510   7.6       -01.51  0.47    -02.33   0.12  -058.05    02.95  
288.0832      -02.0497    398   7.60      -14.72  2.24    -02.85   2.24  +018.00    03.70  
346.0486      +01.2998   1080   7.60      -01.38  0.21    -01.23   0.29  -015.12    00.07  
 73.6570      +01.8280   1445   7.600     -05.42  0.09    -02.03   0.11  +004.00    03.70  
173.2149      -03.4682    868   7.600     +03.62  0.17    -02.02   0.14  -008.40    00.50  
299.9662      +01.0106   1423   7.600     -00.87  0.06    -00.72   0.04  -015.70    01.78  
286.5578      -00.6245    507   7.605     -03.86  0.12    -05.01   0.09  +011.20    00.94  
134.3000      -02.6153   1944   7.608     +01.27  0.12    +00.81   0.29  -032.10    00.77  
345.4683      +02.4657   1131   7.608     -00.36  0.01    -00.23   0.14  -007.10    00.31  
254.6742      +00.2126   1033   7.61      -02.77  0.18    -02.86   0.01  +001.65    00.44  
289.8543      -01.7752   2218   7.61      +00.95  0.09    -03.84   0.11  -003.80    00.80  
173.0465      -00.1187   1000   7.625     +03.12  0.18    -03.49   0.12  +002.20    01.80  
 30.6191      +17.0820    352   7.634     -07.61  0.38    -02.90   0.38  -015.95    01.13  
204.8887      -19.4664    350   7.64      +01.56  0.05    +00.78   0.08  +024.31    01.30  
160.4899      -17.8021    385   7.641     +07.30  0.02    -03.53   0.02  +018.10    03.50  
252.0509      -06.7264    302   7.648     -09.71  0.29    -06.06   0.38  +014.00    02.50  
289.4822      -01.9899   2211   7.650     -01.30  0.11    -02.91   0.11  -015.60    01.80  
270.3622      -06.8387    175   7.661     -33.21  0.30    -05.97   0.30  +014.49    00.14  
294.5630      +00.7105   1500   7.67      +00.17  0.07    -03.95   0.06  -020.73    03.39  
323.5653      -05.4451    900   7.68      -06.42  0.08    +00.83   0.08  -005.00    03.70  
 12.3970      -03.2281   1755   7.685     -01.57  0.01    -00.35   0.29  -016.20    25.47  
267.4854      -03.6250   1188   7.690     -08.32  0.27    -01.21   0.23  +017.20    00.83  
301.8948      -00.1416   1320   7.7       -09.11  2.17    -06.87   1.84  -021.30    00.14  
205.3428      +00.3266   1191   7.700     +00.41  0.52    +01.13   0.02  +032.00    00.00  
288.6692      +00.4485   2189   7.706     -64.19  1.97    -27.03   1.61  +030.93    17.93  
 54.9015      -01.5566    800   7.71      -04.08  0.31    -02.22   0.33  -006.68    04.21  
163.4007      +03.2604    800   7.71      +02.45  0.28    -03.45   0.28  -008.41    00.67  
 38.5977      -01.6874   1421   7.719     -02.71  0.05    -01.63   0.08  +026.63    00.04  
214.4324      -07.5422    359   7.727     +01.23  0.21    -04.41   0.21  +026.60    00.77  
103.5642      -02.5911   2500   7.73      -01.66  0.10    +00.71   0.08  -064.30    07.40  
130.7141      +02.6713   1100   7.73      +00.29  0.10    -01.51   0.06  -019.85    02.06  
 66.8628      +15.5149    390   7.731     -01.72  0.06    -02.25   0.15  -027.47    06.39  
119.4438      -00.9214   1430   7.740     -01.80  0.33    -00.98   0.05  -020.90    02.00  
116.5887      -01.0084   2944   7.749     -01.15  2.13    -01.95   1.58  -077.48    00.13  
 97.0705      +01.0022    550   7.75      -06.17  0.12    -00.62   0.06  -022.00    04.90  
205.3679      -06.2203    348   7.78      +01.45  0.35    -06.32   0.27  +022.35    01.09  
228.8006      -18.7582    272   7.78      -09.15  0.25    -03.02   0.27  +013.29    01.16  
252.5754      -07.2986    189   7.78      -22.91  0.48    -13.43   0.46  +022.70    02.30  
277.6824      -07.6209    132   7.78      -22.26  0.19    -00.80   0.20  +017.32    03.09  
 15.5719      -79.2611    269   7.796     -01.15  0.51    -20.36   0.51  +005.53    00.11  
235.6199      -04.1072   3930   7.8       -05.73  0.57    -04.67   0.57  +019.00    02.00  
 14.8830      -09.2356    690   7.803     -02.54  0.11    -03.41   0.11  +006.00    00.30  
112.2603      +04.1352    350   7.82      +04.88  0.38    -04.91   0.38  -007.41    02.99  
 87.8792      -01.7049    951   7.820     -02.50  0.50    -01.70   0.47  -012.20    00.70  
 71.4003      +00.2731    389   7.832     -00.02  0.34    -02.76   0.34  -017.66    04.60  
277.8287      +00.6890   1824   7.839     -06.17  0.92    -02.78   0.99  +021.00    09.00  
279.5956      -02.0714    922   7.845     -01.57  0.70    -00.62   0.48  +027.15    00.09  
  7.3279      -01.3818    938   7.849     -01.47  0.04    +00.78   0.06  -031.10    00.18  
116.1210      -00.1508   2490   7.85      -04.46  0.12    +00.36   0.18  -038.00    06.80  
275.9359      -01.2537    774   7.85      -10.18  0.44    -02.11   0.44  +012.20    00.59  
125.3511      -00.4402   1363   7.850     -01.08  0.64    +01.74   0.38  -006.00    10.00  
226.5799      -02.3141   2251   7.853     -00.22  0.04    -00.51   0.01  +059.19    00.36  
146.5676      -05.8625    185   7.854     +32.93  0.21    -09.33   0.25  -001.39    00.17  
230.9582      +03.1303    490   7.861     -04.46  0.33    -05.69   0.33  +025.92    03.31  
 28.2808      +00.0113   1206   7.862     -02.71  0.15    -01.79   0.01  -004.70    00.70  
254.8552      -01.9859    919   7.874     -05.12  0.25    -01.39   0.25  +015.24    00.48  
 13.9073      -05.6008    800   7.88      -06.48  0.48    -00.97   0.52  -016.31    05.17  
258.2955      +00.2746    900   7.88      -09.50  0.45    -04.08   0.33  +011.00    07.40  
299.9908      -04.8239   1300   7.88      -07.64  0.38    -01.23   0.36  -017.90    04.20  
 65.6981      +01.1890   2067   7.883     -04.48  0.06    +01.31   0.15  -006.80    01.40  
120.2702      -02.5424   1625   7.886     -01.27  0.07    -00.40   0.03  -037.36    00.46  
335.2223      -01.4272   1108   7.887     -03.87  0.76    -02.47   0.59  -021.32    00.41  
324.5508      -05.8840    756   7.889     -06.26  0.13    +00.78   0.18  -016.10    00.97  
248.2522      -00.1879   3006   7.89      -00.52  0.25    -01.66   0.12  +059.70    00.00  
264.9227      -10.4438   1100   7.89      -08.24  0.57    -01.63   0.36  +017.80    02.80  
289.8641      -05.5605   1995   7.89      -04.17  0.08    -01.35   0.10  +069.13    37.23  
120.0209      -07.4769   1700   7.90      +00.62  0.12    -02.81   0.06  -037.00    07.40  
171.6183      +03.5617    380   7.90      +02.95  0.12    -03.64   0.13  -008.16    10.00  
314.6703      -00.0998   2000   7.90      -06.02  0.20    -03.43   0.17  -038.63    02.25  
338.5597      -01.0395   1200   7.90      -01.09  0.33    +01.18   0.43  +053.00    06.00  
299.0466      -07.2372   1000   7.91      -07.29  0.31    -01.94   0.49  -000.99    02.75  
290.1422      -00.7682   1500   7.92      +01.25  0.07    -04.46   0.08  +001.15    00.73  
270.8352      -06.0925   1046   7.927     -05.96  0.12    -00.65   0.16  +021.06    00.15  
320.9226      -02.7318   1500   7.93      -06.38  0.09    +00.19   0.09  -025.00    20.00  
280.6971      +04.5453    544   7.932     -13.13  0.43    -08.50   0.38  -022.39    00.15  
137.3765      -03.9710    725   7.95      +01.47  0.08    -03.17   0.12  +002.40    00.70  
313.8652      -00.4518    900   7.95      -06.81  0.09    -03.26   0.10  -009.94    00.60  
 28.0390      +00.1674   1422   7.950     -01.06  0.01    -00.49   0.01  +007.00    00.00  
314.6474      -00.5809   1516   7.950     -06.11  0.18    -02.84   0.16  -038.46    02.08  
 15.3951      -09.5927    789   7.961     -01.21  0.20    -01.08   0.21  +006.00    07.40  
148.0963      -01.2921   1199   7.964     +03.04  0.98    -00.08   0.85  +002.00    03.76  
 13.7023      -04.4335    620   7.965     -06.91  0.40    +00.92   0.40  +002.40    00.20  
274.6856      +01.7570   2062   7.968     -06.23  0.42    +01.62   0.40  +020.89    00.26  
316.9370      +03.3939    666   7.968     -02.86  0.10    -01.55   0.09  -021.27    00.24  
356.5802      -00.7766    487   7.974     -03.16  0.11    -00.76   0.09  -007.02    01.53  
327.7258      -05.4256    891   7.976     -07.47  0.20    +00.48   0.21  +005.83    00.05  
307.5356      +03.5178   1986   7.986     -08.08  0.31    -00.43   0.31  -009.58    00.57  
 16.6796      -00.4475   2130   8.0       +00.90  0.01    -01.56   0.01  +021.00    07.40  
186.5814      +02.1706   2520   8.0       +03.72  0.05    -01.53   0.01  +012.74    01.31  
221.6722      -01.3311    950   8.0       +03.11  0.03    -00.65   0.10  +014.70    01.29  
286.3576      -01.7051   2820   8.0       -03.35  0.09    -04.81   0.09  +002.00    01.00  
 40.2163      +12.7580    550   8.00      -05.73  1.63    -03.22   1.63  +007.73    02.23  
 62.7898      +02.1519    500   8.00      -02.80  0.32    -02.66   0.27  -018.75    05.25  
128.1795      -00.9445   1630   8.00      +00.78  0.88    -03.82   0.88  -011.40    00.25  
180.7904      -10.8585    276   8.00      +06.23  0.54    -02.45   0.29  +016.26    01.02  
205.3696      -01.7581    630   8.00      +00.41  0.10    -02.05   0.11  -014.70    11.70  
266.8760      +03.3779    174   8.00      -26.31  0.27    -08.20   0.22  +017.83    01.48  
309.5746      +03.0774    246   8.00      -31.85  0.39    -04.87   0.39  -013.95    01.06  
310.8494      -00.3373   1900   8.00      -05.34  0.19    -04.53   0.48  -024.31    00.52  
315.9513      -01.7479   2088   8.000     -06.15  0.08    -01.81   0.07  -033.80    00.29  
 64.3770      +12.6631    350   8.01      -00.42  0.43    -02.71   0.40  -025.96    00.37  
353.9967      +03.0091    750   8.01      -04.03  0.28    -00.14   0.29  +008.86    06.02  
208.5551      -01.8082   1687   8.025     +05.98  2.77    +01.12   2.26  +016.40    02.40  
299.9844      +01.9545   1184   8.032     -02.74  0.26    -02.21   0.18  +014.90    00.93  
 58.8105      -04.6817   1467   8.036     -04.55  0.05    -01.64   0.01  -004.70    03.00  
297.6692      +01.7804    650   8.05      -05.11  0.10    -01.70   0.02  +010.10    00.00  
273.8158      -15.8558    409   8.052     -09.97  0.12    -00.83   0.19  +023.08    00.25  
 98.8568      -05.5237    808   8.058     -01.67  0.06    -00.93   0.03  -010.07    02.83  
214.7267      -00.1157    750   8.06      +03.95  0.07    +00.27   0.09  +013.50    10.00  
329.2813      -01.4981   1823   8.069     -06.05  0.27    -02.57   0.30  -002.48    01.34  
329.7454      -02.2048   1417   8.076     -05.93  0.16    -02.34   0.19  -039.99    00.18  
284.5675      -00.3420   1547   8.083     -04.03  0.20    -00.26   0.14  -013.00    00.20  
356.9316      -01.5491    741   8.087     -01.72  0.06    -00.19   0.19  -027.52    09.94  
206.3555      +03.0695    800   8.09      +02.46  0.09    -02.09   0.10  +008.00    07.40  
283.3317      -03.8395    911   8.093     -03.25  0.06    +00.66   0.05  -001.72    00.13  
 17.0254      +12.3089    161   8.10      -23.96  0.44    -00.30   0.31  -018.50    02.00  
 67.4655      -11.5078    537   8.10      -01.67  1.44    -06.68   1.44  -026.00    03.70  
224.6854      +00.3842   1170   8.10      -00.79  0.07    -04.01   0.09  +018.78    01.44  
 77.1609      +01.6671    969   8.100     -05.99  0.04    -01.01   0.18  -035.00    00.00  
203.7791      -00.1200   1328   8.102     -02.47  0.10    -01.43   0.11  +011.00    07.40  
152.5899      -01.5742   1320   8.11      +03.96  0.13    -02.61   0.12  -015.13    01.04  
277.8298      -04.4192   1134   8.113     -05.39  0.13    +01.15   0.12  -001.84    01.52  
122.0111      -01.0827    657   8.114     -01.23  0.36    -00.02   0.13  -028.00    00.00  
119.7966      -01.3889   3026   8.126     -03.45  0.04    +00.03   0.05  -116.70    10.00  
340.6473      +02.1223   1547   8.130     +04.86  0.83    -00.65   1.39  -007.93    00.21  
166.5707      -23.5211    133   8.131     +44.81  0.25    -20.11   0.25  +005.94    00.08  
359.4775      -01.6005   2080   8.134     -00.86  0.17    -02.06   0.23  -023.00    08.90  
 91.3361      +02.3031    900   8.138     -05.45  0.20    -01.12   0.11  +000.24    00.20  
 94.4066      +00.2201   1298   8.142     +00.87  1.56    -00.50   1.44  -018.95    00.76  
340.7407      +06.0162    512   8.147     -03.03  0.26    -01.11   0.26  -021.07    00.19  
168.9032      -02.0153   1469   8.155     +04.57  2.45    +00.72   1.47  +004.95    00.08  
180.3366      -16.7717    540   8.158     +00.00  0.00    -00.93   0.04  -007.02    00.22  
130.3457      -04.3365   1200   8.17      -00.36  0.39    -00.77   0.39  -020.00    07.40  
 42.1203      +04.7152   1075   8.178     -02.41  0.10    -01.04   0.05  -010.22    00.40  
  2.8811      -02.8435   1900   8.18      -01.96  0.94    -01.91   0.94  -023.54    00.25  
295.8281      +00.7629   1520   8.19      -02.97  0.07    -01.14   0.05  -007.10    01.20  
301.4963      -04.4596    650   8.19      -11.65  0.59    -01.58   0.38  -015.80    02.00  
112.8189      +00.4346   1400   8.2       -01.17  0.09    -00.65   0.05  -032.98    00.11  
212.5581      +00.2792    870   8.2       +02.07  0.03    -02.01   0.03  +013.54    00.12  
315.7462      +12.6281    700   8.2       -04.17  0.13    +03.69   0.10  -017.90    05.20  
 64.7609      +02.5052    852   8.20      -04.57  0.04    -00.79   0.04  -018.52    06.20  
116.4211      -00.7763   2750   8.20      -03.36  2.03    -01.02   1.58  -024.00    05.20  
123.2671      -13.3036    302   8.20      +06.79  1.73    -07.75   1.73  +006.00    01.80  
293.4675      +00.7032   2450   8.20      -02.01  0.18    -04.39   0.16  -003.00    07.40  
314.2881      -06.0748    440   8.20      -11.34  0.53    -06.66   0.53  +016.80    04.68  
 65.7808      -03.8484    432   8.200     -07.30  0.29    -06.72   0.29  -017.80    00.13  
310.2292      +00.1145   1215   8.202     -05.16  0.09    -02.77   0.12  -015.10    00.28  
223.6004      -01.1826   1417   8.210     +02.39  1.56    -02.28   1.25  -003.59    00.30  
133.3339      -01.6942    303   8.23      +20.51  0.31    -07.06   0.31  -041.14    03.70  
309.6084      -01.3658    435   8.23      -09.22  0.28    -03.03   0.35  -038.20    00.40  
 91.1986      -02.9047   1442   8.233     -02.97  0.08    -00.39   0.07  -009.10    10.00  
 92.5613      -01.6460   1268   8.244     -02.83  0.10    +00.85   0.14  -026.73    00.40  
143.6580      -15.6132    499   8.249     +02.68  0.15    -06.37   0.15  -016.80    03.80  
118.1525      +00.1973   4000   8.25      -03.03  0.08    +01.70   0.04  -074.10    00.39  
186.5910      +02.1913    912   8.25      +02.99  0.03    -00.93   0.03  -008.17    00.22  
 16.9654      -01.0351   1258   8.250     -01.22  0.08    -00.84   0.04  +000.60    01.50  
262.7974      -00.7922   1504   8.256     -03.66  0.30    -00.51   0.36  -015.40    00.80  
 23.8786      -02.9134   1660   8.26      -01.60  1.35    +01.12   0.95  -009.10    00.59  
110.5655      -12.5351    500   8.26      -03.03  0.10    -02.34   0.06  -054.30    14.76  
126.1104      -03.9085   2400   8.26      -00.29  0.22    -00.93   0.09  -073.78    00.45  
  0.6583      -08.1576    750   8.27      -04.31  0.07    -00.81   0.06  -035.00    07.40  
244.7361      -00.3846   1000   8.28      -02.68  0.37    -03.52   0.47  +090.50    02.70  
203.5508      -06.1919   2700   8.3       +02.34  0.11    -01.53   0.17  +020.15    00.19  
 12.8598      -01.3059   3600   8.30      -00.13  0.31    -01.27   0.30  +021.34    00.92  
137.9763      +04.5548    460   8.30      -02.13  0.16    -02.06   0.02  -008.58    01.12  
143.9423      +03.5726   1750   8.30      +00.51  0.01    -01.82   0.07  -005.80    00.30  
304.0352      +03.2398   1100   8.30      -08.49  0.22    -02.32   0.19  -005.00    03.70  
306.7593      +00.1412    925   8.30      -07.94  0.13    -02.64   0.09  -000.10    00.10  
327.8995      +01.8001    570   8.30      -06.98  0.12    -03.21   0.12  -013.00    07.40  
128.4464      -30.6034    190   8.313     +14.90  0.34    -09.86   0.34  +004.45    00.95  
299.7193      +00.8297   2176   8.315     -05.89  2.22    +00.81   2.17  -011.87    00.24  
  1.5482      -12.9421    800   8.33      -04.50  0.38    -02.81   0.43  -054.00    00.00  
270.7540      +06.7077   2500   8.33      -09.66  0.23    -02.29   0.20  +045.75    01.00  
297.3747      +03.0997   2200   8.33      -07.28  0.15    -02.83   0.01  -001.00    05.75  
341.9974      -01.5166   1031   8.336     -00.83  0.15    -01.98   0.16  -034.66    00.61  
123.1377      -01.2909    750   8.34      -01.15  0.54    -00.63   0.54  -009.24    09.30  
213.3829      +00.5074    800   8.34      +00.20  0.26    -01.91   0.36  +022.70    01.78  
309.2995      -02.7538   2400   8.34      -06.12  0.09    -04.43   0.07  -006.06    01.22  
329.8356      -03.2844   1312   8.34      -06.01  0.09    -02.53   0.09  -018.17    01.94  
296.7920      -00.4901   1357   8.343     -03.57  0.33    -01.89   0.22  -014.90    00.16  
 31.6535      -20.9885    513   8.35      -06.74  1.08    -05.78   1.08  +075.90    02.60  
127.1952      +00.7480   2430   8.35      -04.73  0.17    +00.74   0.08  -058.40     06.8  
243.9855      -02.0505   3483   8.35      -05.21  0.14    -00.14   0.20  +073.50    00.60  
285.6710      -00.3223    800   8.36      -01.71  0.13    -04.81   0.12  +037.00    10.00  
289.5392      -01.2603    800   8.37      +01.04  0.09    -03.04   0.12  +018.32    09.49  
228.9488      +04.4979   3154   8.371     -07.50  0.12    -01.61   0.23  +000.55    00.63  
127.1919      +09.3890    702   8.373     -00.70  0.26    -01.07   0.26  -007.20    00.28  
286.7838      -01.5693    710   8.38      -04.31  0.13    -05.33   0.11  -009.82    28.38  
289.6379      -02.5445   3019   8.385     -01.44  0.40    -00.92   0.42  -000.30    10.00  
284.6113      -04.3057    940   8.39      -03.82  0.06    -00.72   0.05  +009.40    03.70  
 27.3070      -02.7759   1877   8.4       +00.60  0.05    +01.69   0.06  +035.08    00.32  
135.7473      +01.5624   1030   8.4       -02.63  0.13    -00.14   0.14  +015.63    00.20  
231.0196      -10.4446    710   8.4       +00.14  0.07    -00.91   0.08  +023.30    00.11  
231.8576      +04.0644   1510   8.4       -02.06  0.05    -03.04   0.05  +049.20    00.36  
 99.7170      -00.0751   1930   8.40      -04.92  0.07    -01.74   0.05  -026.82    04.82  
111.5116      -08.6550    480   8.40      +06.63  0.53    -04.16   0.53  -018.60    04.10  
254.0812      -00.9594    480   8.40      -08.36  0.43    -03.29   0.43  +018.00    03.70  
 75.7603      +01.2396   2702   8.400     -00.76  0.12    -00.25   0.14  -008.90    00.74  
109.6169      +02.3604   5763   8.400     -04.25  0.64    -01.87   0.64  -039.40    00.00  
 58.8653      -01.8905    700   8.41      -03.00  0.12    -02.86   0.18  -007.00    03.70  
104.7461      -03.9987    250   8.41      +10.57  0.61    -06.84   0.61  -006.46    06.49  
302.4225      +02.2177    900   8.41      -02.40  0.08    -01.95   0.05  -031.00    03.70  
 40.2079      -10.6408    500   8.42      -02.96  0.21    -00.27   0.36  -062.20    00.20  
203.5771      +00.1057   1329   8.427     -00.37  0.16    -01.08   0.20  +025.33    00.05  
308.3701      +03.1706    500   8.44      -04.78  0.11    -02.67   0.08  -021.61    11.76  
 92.4027      -02.2418    326   8.445     -19.44  0.54    -09.41   0.54  -005.26    00.30  
153.3588      +00.1845    711   8.448     +00.91  0.09    -01.24   0.10  -012.42    00.66  
235.2700      -02.4610   3400   8.45      -00.81  0.23    -02.11   0.39  +057.37    00.24  
259.7564      +00.5296    800   8.45      -07.78  0.60    -00.55   0.59  +026.90    05.90  
285.3549      -00.8637    600   8.45      -04.24  0.05    -01.91   0.05  +031.10    00.64  
228.4147      +01.0198   1468   8.463     -00.18  0.11    -01.93   0.13  +029.25    00.22  
161.6768      -00.4459   1199   8.465     +05.17  2.93    -01.78   2.34  +007.50    00.05  
249.7951      +02.9610   1677   8.469     -02.43  0.25    +00.11   0.25  +036.15    00.13  
159.3028      -03.0393   1100   8.47      +00.06  0.07    +00.25   0.11  +005.53    01.00  
245.9300      +00.3474   1300   8.47      -01.30  0.11    -01.33   0.15  +113.37    05.77  
284.3529      +00.8676    380   8.47      -04.94  0.08    -03.52   0.06  +020.05    20.27  
116.7534      -01.2888   2700   8.470     +00.86  0.26    +01.42   0.26  -087.00    01.78  
289.5147      -00.4113    990   8.471     -02.81  0.20    -02.53   0.19  -051.40    00.00  
355.8606      -04.5005    301   8.475     -02.25  0.20    -03.26   0.20  -014.78    00.23  
  9.8936      +02.8343    628   8.477     -00.45  0.04    -01.09   0.05  -008.18    00.09  
289.5708      +01.3468    492   8.477     -11.95  0.28    +00.09   0.28  +004.33    00.34  
262.5755      -02.9694    950   8.48      -02.81  0.14    -02.81   0.17  +024.00    05.00  
314.7702      -08.6468   2400   8.48      -04.79  0.14    -00.85   0.10  -014.56    05.51  
233.0584      +03.2581   2100   8.49      -04.25  0.18    -02.30   0.29  +026.02    04.33  
264.5368      +11.1250    400   8.49      +02.56  0.33    -02.71   0.30  +026.20    03.70  
347.7306      +01.9725    479   8.497     -03.66  0.34    -00.12   0.45  -005.58    00.26  
172.2496      +00.6952   1400   8.5       +04.92  0.03    -02.64   0.03  -044.98    00.11  
172.6193      +00.3063   1800   8.5       +00.21  2.80    -02.47   1.22  +000.10    01.80  
285.5153      -02.3525   2400   8.50      -05.23  0.28    -02.24   0.34  -010.80           
355.8564      +01.6439    850   8.50      -02.21  0.05    -01.88   0.07  +033.00    40.60  
206.9426      -01.1158   2025   8.500     +00.81  0.14    -00.50   0.18  +006.33    03.70  
124.9390      -01.2225   1148   8.505     -00.23  0.14    +00.01   0.10  -029.76    01.32  
297.3060      -02.2895    494   8.508     -05.66  0.73    -08.42   0.73  -007.60    01.70  
197.2502      -02.3495   3781   8.515     +02.66  0.12    +00.93   0.12  +007.50    00.80  
 67.9938      +11.5876    350   8.52      +02.04  0.69    +00.08   0.54  -032.00    02.10  
312.1805      +01.8316    500   8.53      -04.47  0.22    -02.87   0.15  +001.38    04.00  
177.6354      +03.0915   1383   8.540     +06.56  0.08    -01.49   0.06  +008.30    00.20  
292.4021      -01.7990   1238   8.542     -03.54  0.11    -01.21   0.15  -014.10        0  
292.9039      -02.4119   1715   8.55      -05.95  0.04    -02.07   0.28  +000.40    00.21  
174.9015      +16.8813    558   8.554     +05.34  0.10    -04.82   0.12  +019.05    00.04  
 46.8310      -09.2745    600   8.56      -04.21  0.33    -02.67   0.29  -021.00    00.00  
233.7054      +11.1115   1363   8.570     -00.62  0.16    -03.37   0.18  +028.89    00.21  
240.0387      +00.1346   1037   8.588     -04.47  0.16    -01.14   0.16  +022.08    00.18  
 97.4507      -02.5431    600   8.59      -00.57  0.08    -01.18   0.06  -009.00    05.80  
152.0568      +00.2578   1090   8.6       +01.39  0.07    -00.17   0.07  -016.90    00.48  
227.8725      +15.3929    770   8.6       -03.73  0.12    -02.14   0.02  +007.70    00.18  
 14.3071      -00.2881   1100   8.60      -00.53  0.08    -01.78   0.14  +128.84    38.44  
232.0608      +02.6828   1820   8.60      -01.83  0.12    -00.70   0.13  +015.00    03.70  
242.4936      -02.4987   1400   8.60      -02.22  0.40    +00.44   0.57  +020.77    22.48  
314.6419      +03.9601    550   8.60      -05.07  0.16    +00.24   0.13  -027.90    10.00  
353.1648      +00.8948   1205   8.60      -02.53  0.53    +02.25   0.43  -008.00    17.30  
 26.7489      +14.6626    280   8.61      -02.68  0.28    +03.82   0.28  -014.38    00.20  
150.5641      -09.2301    650   8.61      +03.77  0.17    -03.15   0.17  -003.24    03.33  
171.8366      -01.0291   1100   8.61      +03.16  0.08    -03.78   0.09  -016.87    10.00  
283.6615      -06.8303   1200   8.61      -04.78  0.57    -01.23   0.54  +011.78    01.00  
186.1561      -13.0960   1972   8.612     +00.79  0.11    -02.70   0.10  +065.31    00.09  
 95.4961      -07.3385   1168   8.617     -00.06  0.13    -00.15   0.05  -018.63    00.17  
176.3949      +03.1194   6403   8.618     +04.79  0.01    +00.12   0.49  -001.00    03.00  
 11.7617      +00.6485   1775   8.620     -01.58  0.05    -00.24   0.10  +015.00    03.70  
187.6950      -21.1142    437   8.625     +02.23  0.23    -00.60   0.15  -013.35    00.29  
261.9796      +08.5843   1855   8.626     -06.57  0.22    +00.74   0.23  +020.69    00.28  
 36.0112      +08.3278    376   8.629     -05.44  0.08    -00.21   0.14  -028.95    00.09  
286.8698      +01.4918    900   8.63      -03.03  0.16    -00.83   0.14  -010.58    05.98  
290.7941      +00.0930    600   8.63      -05.46  0.52    -01.71   0.53  +001.00    04.00  
208.9832      -00.0775   1400   8.64      +01.86  0.08    -00.73   0.18  +040.00    00.00  
286.6727      +02.5893    720   8.64      -03.91  0.09    -02.91   0.08  +049.53    22.31  
207.4146      -05.5221   1467   8.640     +02.08  0.23    -03.35   0.21  -011.84    00.23  
179.0749      -10.6451    800   8.645     +01.67  0.06    -03.19   0.02  +002.00    03.70  
246.0874      +01.8550    601   8.649     -01.51  0.20    -01.29   0.24  +039.60    00.06  
101.3677      -01.8520   3467   8.65      -02.62  0.26    -00.35   0.23  +065.30     03.2  
213.4472      +03.2974   3800   8.65      -02.39  0.17    -01.69   0.18  +041.81    00.22  
241.6258      +02.0346   1194   8.65      -04.52  0.17    -01.01   0.15  +038.17    00.30  
353.1316      -04.9368    800   8.65      -04.43  0.07    -00.75   0.07  -014.51    01.00  
221.3538      +84.0248     96   8.652     +02.01  0.30    -07.32   0.22  +000.01    00.08  
154.9518      -15.3421    665   8.655     -01.34  0.20    -03.23   0.15  -010.67    00.11  
 79.7726      -04.1820    700   8.67      -06.69  0.15    -00.95   0.15  -022.00    03.00  
232.9082      +02.8973    650   8.68      -02.33  0.07    -01.37   0.10  +034.14    01.46  
233.0711      +02.7140   2100   8.68      -03.16  0.09    -01.71   0.09  +047.35    01.85  
309.5034      +01.9058    700   8.69      -09.20  0.62    +02.37   0.59  -018.69    04.26  
 36.3807      +05.2423    484   8.699     -03.09  0.23    -01.42   0.23  -025.80    00.60  
119.7542      +00.0038   1600   8.70      -01.46  0.22    +03.18   0.26  -100.70    10.00  
131.2028      -01.6334   1618   8.70      +00.46  0.08    -02.35   0.11  -006.50    04.50  
139.3455      +16.1484    200   8.70      +18.94  0.34    -10.58   0.55  +007.00    03.70  
235.4712      +01.7783   1900   8.70      -01.65  0.20    -00.03   0.15  +014.40        0  
257.9214      -15.3778    288   8.70      -15.96  2.14    -05.52   2.14  +020.00    07.40  
280.0140      -35.2469   3080   8.70      +00.80  0.41    +03.78   0.53  +009.70    10.00  
287.9686      -08.5965   1500   8.70      -08.55  0.07    -01.49   0.06  +002.46    07.31  
351.1458      +00.4751   1025   8.70      -01.23  0.09    +00.75   0.12  -007.17    07.13  
355.6585      -01.1767   2400   8.70      -08.37  5.37    +03.84   5.36  +10.6 0    01.10  
 15.8934      -07.9182    280   8.71      +00.82  0.64    -07.29   0.49  -031.30    00.40  
237.6905      -05.4541   1600   8.73      -03.99  0.11    +00.16   0.12  +013.50    00.00  
188.1049      +00.1449   2977   8.735     +04.24  0.17    -00.81   0.28  -005.00    20.50  
309.9496      -05.6086   1300   8.74      -04.85  0.17    -03.81   0.14  -036.65    03.98  
 70.4504      +01.3946    800   8.75      -06.45  0.05    -01.95   0.06  -002.87    03.62  
275.9642      -02.4087   1500   8.75      -01.06  0.08    -00.84   0.07  +014.10    00.30  
302.9475      -06.8582   2300   8.75      -02.59  0.26    -02.73   0.20  -028.50    03.70  
305.5413      -04.3473   1963   8.759     -02.15  0.37    -00.24   0.21  -027.18    00.30  
 15.5445      +00.9138    850   8.78      +00.30  0.03    -01.30   0.04  -020.88    02.27  
279.0397      -33.6065    460   8.78      -00.88  0.38    -00.19   0.54  +000.50    00.48  
333.9820      -13.8049   1500   8.78      -02.69  0.34    -00.73   0.62  -033.90    00.66  
110.8579      +02.7494    831   8.790     -01.45  0.70    -03.51   0.07  -023.00    00.00  
 79.2105      +12.0149   1215   8.799     -08.83  0.06    +00.48   0.02  +006.68    00.08  
343.7770      -16.9973    385   8.8       -16.18          -11.57         -043.40    01.60  
149.8470      +00.1872   1230   8.80      -00.56  0.29    +01.37   0.01  -014.43    00.18  
187.7897      +10.2940   3000   8.80      +04.94  0.48    -01.34   0.39  -016.00    15.00  
188.0051      -10.3171    580   8.80      +06.05  0.22    -02.53   0.19  +019.48    04.57  
229.8071      -01.4261   1120   8.80      -08.77  1.49    +00.70   1.57  +027.28    00.18  
 76.6398      -04.0283   1791   8.800     -06.26  0.07    -00.42   0.06  -007.10    00.74  
106.7097      -04.9007   1000   8.800     -02.22  0.32    +00.30   0.07  -017.00    03.70  
 77.6594      +05.9822    900   8.83      -03.65  0.13    -00.54   0.21  +077.00    14.10  
110.9690      -00.7487   2329   8.830     -00.32  0.62    -02.65   0.33  -065.00    10.20  
247.7996      +01.3098   1700   8.84      -02.57  0.26    -00.26   0.25  +035.22    00.32  
315.6737      +02.1861   1346   8.840     -05.22  0.10    -03.69   0.08  -041.70    10.00  
215.9933      -10.1024    790   8.85      +06.18  0.60    -01.52   0.28  -010.74    00.66  
253.5633      -05.8377   1341   8.85      -01.85  0.14    +00.42   0.13  +007.26    00.12  
357.5247      +02.8445   1000   8.85      -01.83  0.27    -01.52   0.22  -009.60    00.16  
 69.8602      -07.1470    770   8.858     -05.61  0.07    +00.09   0.14  +007.89    00.14  
 18.9148      -01.5202    700   8.86      -02.71  0.01    -01.02   0.18  +007.00    00.00  
190.1810      +09.7281   1400   8.86      +02.61  0.08    -03.59   0.05  +021.50    02.40  
205.9196      +32.4843    187   8.863     +00.38  0.19    -37.84   0.19  +034.76    00.07  
230.4836      +03.5369    766   8.867     +00.14  0.10    -01.61   0.18  +018.47    00.11  
180.0638      -22.3429     45   8.896                                    +039.29    00.25  
226.0136      -16.1066   2629   8.896     +00.13  0.20    +01.32   0.19  +092.35    00.52  
  4.8507      -00.9210   1450   8.90      -02.10  0.19    -01.14   0.15  +019.00    10.00  
192.6061      +05.4458   6918   8.90      +07.72  0.30    -00.91   0.68  +048.60     03.4  
203.3897      +11.8026   1949   8.90      +01.62  0.80    -03.55   1.50  +035.02    00.16  
222.0471      -05.3389   4700   8.90      +04.26  0.64    -01.11   0.01  +047.50    01.00  
225.4245      -04.6220   6000   8.90      -04.50  0.47    +00.77   0.52  +076.60    00.50  
274.0641      +35.8931    640   8.90      -02.99  1.84    -04.93   1.62  +007.80    01.30  
305.3459      -03.1559   2000   8.90      -05.01  0.09    -02.93   0.49  +040.00    10.00  
321.1247      +02.4602   1192   8.900     -05.68  0.17    +01.37   0.18  -019.27    00.18  
 79.5603      +06.8395   1189   8.91      -03.34  0.17    -00.44   0.13  +013.68    00.06  
287.9357      +01.1612    900   8.92      -00.95  0.29    -00.79   0.27  +002.84    22.28  
174.4351      -01.7867   2860   8.95      +13.65  0.25    -02.22   0.06  +005.20    06.40  
241.6011      -02.5265   1490   8.95      -02.34  0.11    -00.63   0.12  +010.90    01.20  
321.5731      +03.5928    933   8.95      -07.71  0.07    +00.23   0.06  -029.31    00.18  
334.9170      -00.1976   1260   8.95      -05.03  0.13    -03.51   0.25  -025.70    00.19  
  7.6156      +24.6639   2107   8.970     -06.37  0.34    +00.07   0.37  -042.86    01.40  
 55.3256      +00.9167   1778   8.98      -04.64  0.35    -00.49   0.01  +012.40    02.80  
232.3342      -07.3140   4169   8.98      -06.91  0.36    -02.44   0.01  +081.10     02.5  
130.0714      -00.1889   4800   9.0       -01.22  0.11    -00.33   0.10  -036.70    04.04  
  9.2825      -02.5336   2040   9.00      -09.94  1.85    +04.54   1.85  +003.00    00.40  
 33.6923      -02.4837   3000   9.00      +00.05  0.01    -01.62   0.01  +048.10    02.00  
163.0829      +06.1589   4800   9.00      +03.13  0.25    -00.88   0.51  -030.80    00.60  
166.9858      -01.0032   1600   9.00      -01.49  0.21    -00.83   0.20  +057.10    01.20  
230.5639      +09.9347   3750   9.00      -02.64  0.11    -00.61   0.00  +083.25    00.29  
235.9844      +05.3809   1585   9.00      -00.37  0.18    -03.20   0.17  +038.17    00.30  
357.8631      -03.3408    750   9.00      -02.87  0.34    -02.06   0.34  +026.70    10.00  
232.8321      -06.8802   6080   9.01      -04.22  0.01    +00.20   0.45  +120.90    00.40  
186.6341      +01.7808   5071   9.023     +02.28  0.19    -02.68   0.01  +026.90    01.90  
197.9835      +08.0248   4871   9.025     +04.37  0.46    -04.68   0.55  +024.80    00.10  
146.6474      -08.9308   2818   9.03      +02.56  0.06    -00.68   0.05  -029.70    01.12  
239.4782      -18.0142   4458   9.032     -03.92  0.54    +01.03   0.35  +059.84    00.41  
265.9288      -03.0127   2826   9.033     -04.81  0.45    +01.86   0.37  +021.80    00.80  
117.1632      +06.4774   2892   9.048     -02.80  0.01    -03.25   0.25  -035.00    16.00  
177.6322      -00.1055   1359   9.050     +04.56  0.55    -03.83   0.27  +025.00    07.40  
340.0881      -07.9067    888   9.057     -03.05  0.17    -00.15   0.19  -030.80    00.20  
258.8512      -03.3378   3310   9.06      -03.96  0.38    -04.22   0.45  -049.00    08.00  
333.7545      -05.7648    939   9.069     +00.25  4.41    +00.52   3.25  -032.47    00.23  
286.7641      +16.9184    938   9.077     -05.87  0.59    +00.31   0.45  +001.28    00.11  
308.2260      +00.3101   2240   9.08      -03.27  0.32    -04.62   0.33  -027.90    00.80  
325.7800      -02.9859   2690   9.08      -02.78  0.35    -02.97   0.43  -025.20    00.80  
257.3945      +01.6155    400   9.09      -15.56  0.64    -02.84   0.43  +022.50    00.10  
294.3672      +06.1826   1850   9.1       -05.55  0.33    +02.74   0.32  -022.26    00.36  
 85.8904      -04.1499   3326   9.10      -05.10  0.01    -01.85   0.01  -050.56    02.18  
143.7757      -04.2865   1740   9.10      +01.57  0.16    -02.92   0.07  -052.00    12.00  
265.4328      -02.1803   3910   9.10      -02.65  0.32    +01.16   0.38  +030.90    01.78  
335.2822      -17.1419   1706   9.10      -04.66  0.79    +00.27   0.87  -028.03    01.44  
338.9518      -26.1725   1787   9.10      -07.23  0.74    -04.28   1.01  -023.50    01.40  
 53.2120      +03.3544   1800   9.11      -03.88  0.12    -03.18   0.01  -009.60    03.00  
 87.4084      +01.5349    700   9.11      +00.50  0.13    +02.40   0.12  -021.77    00.91  
301.4698      +02.2046   3300   9.11      -02.12  0.11    -02.04   0.10  -040.80    00.40  
115.5319      -05.3849   1795   9.15      +02.64  0.07    -01.32   0.05  -054.70    01.30  
209.6492      -01.9785   1950   9.15      +02.30  0.04    -02.68   0.08  +038.70    00.80  
251.5835      +06.6507   2000   9.15      -04.83  0.20    -01.51   0.15  +025.99    01.19  
 65.5295      -04.0741    597   9.16      -06.11  0.09    -00.07   0.09  -001.50    00.87  
137.1251      -23.2541    457   9.16      +10.36  0.32    -09.01   0.32  +005.54    00.14  
  0.1439      -00.8440    600   9.17      -01.93  0.18    -01.50   0.21  -884.36    88.39  
102.7394      -44.2728   1500   9.17      +08.61  0.98    -12.93   0.98  -024.00    05.20  
215.2781      -09.4237   9800   9.18      +03.01  0.74    +02.32   0.74  +095.70    00.20  
238.3684      -06.7918   1750   9.18      -02.82  0.10    -01.83   0.12  +033.45    00.35  
 77.6883      +04.2787   6026   9.20      -05.13  0.40    -04.05   0.40  -063.15    01.79  
 95.9028      +12.3045   1800   9.20      -05.61  0.09    -01.07   0.08  -042.00    10.00  
162.8730      +00.7070   5500   9.20      -00.13  0.16    -00.89   0.33  -004.82    03.74  
221.6228      -23.7080   1120   9.20      +00.96  0.53    +00.70   0.68  +022.00    07.60  
299.3130      +04.5560   2600   9.20      -05.74  0.46    +01.76   0.43  -017.75    00.81  
179.2122      +11.8464   1551   9.200     +01.27  0.27    -02.37   0.23  +015.83    00.20  
198.0444      -05.8105   4033   9.231     +04.22  0.08    -02.33   0.08  +024.10    00.30  
160.7031      +04.8497   3470   9.25      +00.66  0.59    +00.63   0.30  -002.00    10.00  
205.8724      -12.6146    940   9.25      -02.06  0.92    -00.57   0.99  +030.90    00.40  
110.2717      +11.3646   1964   9.295     -03.47  0.25    +00.00   0.18  -041.00    00.90  
198.1072      +19.6341   2480   9.3       +01.52  0.01    -02.54   0.01  +073.57    00.15  
206.2536      +05.1199   8272   9.313     +00.97  0.21    -03.22   0.01  +055.70    00.70  
 61.8749      -77.6528    620   9.34      -01.57  1.97    -08.83   1.18  -004.62    02.39  
186.8398      -02.5086   5000   9.34      +05.73  0.31    -01.72   0.46  -000.60    01.40  
231.5042      +03.2971   3550   9.34      -02.11  0.14    -01.86   0.21  +102.90    01.20  
 73.9838      +08.4915   2403   9.36      -06.05  0.13    +03.59   0.09  +002.30    00.04  
216.0349      +31.4207    900   9.36      +01.30  0.79    -05.19   0.59  +033.67    00.96  
 21.0122      -12.8163    295   9.40      -25.18          -10.61         +041.07    00.52  
226.3686      +04.1733   9120   9.40      +01.01  0.75    -02.19   0.35  +079.90     01.5  
 72.3197      +84.5915   1015   9.400     -01.16  0.56    +03.78   0.43  -002.40    00.30  
211.7849      +09.5988   4800   9.45      +04.31  0.01    -01.37   0.33  +059.10    02.80  
215.6961      +31.8963    808   9.45      +00.45  0.05    -10.58   0.04  +033.62    00.08  
252.4997      -23.9259   1170   9.48      -05.60  0.35    +02.66   0.60  +005.28    05.34  
283.7728      -38.2607   1055   9.48      -06.38  0.51    -00.19   0.77  +004.96    03.60  
286.2357      -00.2895   1900   9.48      -04.65  0.51    -05.49   0.30  -008.50    00.00  
115.9519      +10.1065   4900   9.50      -03.62  0.35    -02.71   0.17  -062.28    07.46  
345.8711      -24.7192   3276   9.500     -04.72  0.32    -00.72   0.38  +043.65    00.64  
175.9159      +39.2775    860   9.51      +06.92  1.11    +00.32   1.03  +002.60    01.78  
199.8766      -08.0785   6000   9.52      +04.31  0.71    -00.34   0.71  +095.30    00.20  
259.5593      -14.2437   4700   9.53      -04.26  0.20    -01.41   0.19  +022.10    00.90  
105.3468      +09.4852   2100   9.55      -02.90  0.15    +00.25   0.05  -044.12    03.62  
119.7626      +01.6898   1080   9.6       -02.21  0.10    +01.29   0.06  -038.40     11.6  
139.4337      +00.2186   5000   9.60      -01.80  0.68    +01.97   0.98  -050.60    00.20  
207.6822      +02.3663   2589   9.60      +02.52  0.66    +01.74   0.02  +068.00    12.00  
234.3069      -11.1881   9100   9.60      +06.95  0.37    -08.30   0.39  +094.60    00.35  
163.6316      +05.0171   5800   9.63      +03.91  0.01    -02.21   0.06  -005.50    02.20  
166.8944      +03.5803   4168   9.67      -02.74  0.28    +01.99   0.71  -015.00    07.00  
146.8125      -12.1630   4571   9.7       +03.39  0.62    -03.77   0.97  -082.00    10.39  
 61.5831      +40.3688    820   9.70      +03.76  1.16    -09.19   1.43  -046.10    25.27  
207.9520      +04.4045   3078   9.70      +00.12  0.38    -01.65   0.08  +105.20    00.86  
214.6894      +07.3861   3200   9.70      +07.57  0.84    -00.02   0.84  +098.00    09.00  
226.6118      -09.6995   1400   9.70      +02.15  0.19    -05.13   0.02  +134.30    00.20  
335.4598      -06.2506   1510   9.70      -04.51  0.36    -02.08   0.52  -029.60    00.31  
293.5065      -04.0410   4000   9.74      -02.85  0.03    -02.52   1.14  +086.00    10.00  
308.7199      -00.8746   1140   9.75      -04.37  0.27    -04.63   0.24  +015.63    09.04  
122.8740      -04.6882   5750   9.78      -02.01  0.58    -02.59   0.01  -144.25    05.92  
203.4833      -17.3728   8400   9.78      +04.33  0.81    -00.66   0.81  +070.00    13.00  
122.8431      +22.3841   1714   9.88      -00.20  0.22    +00.17   0.18  -042.35    00.05  
206.0044      -00.4626   1000   9.90      +01.33  0.06    +00.15   0.08  +035.66    02.27  
223.4615      +10.0945   4780   9.90      +00.82  0.11    -03.84   0.39  +057.80    02.30  
316.4448      +03.3087   1800   9.90      -03.67  0.24    -01.36   0.19  -018.90    01.30  
 69.9585      +10.9039   5035   9.92      -04.77  0.15    -01.43   0.23  -047.40    00.13  
301.6836      -05.5276   2190   9.95      -00.74  0.27    -00.59   0.20  -030.00    09.00  
175.6462      -03.6479   2700  10.00      +05.03  0.33    +00.87   0.22  -073.70    00.80  
